Reisk.
ρ’. 9
10
11
12
13
14
15
16
17
18
19

, 20
1

52
3
4
5
6
‘7
8
9
00
1
2
3
4
5
6
7
8
9
40
1
A
o
4
5
6
7
8
9
0

¹ 5>

1
‘2
4
ε)
7
8
9
60
1
2

TABELLA, etc.

Paris.

Aldin. Basileens.
1 1 1 a. 1
1 14 ib. b. 4
1 33 ib. c. 14
2 11 2 b. ⁰2
2 30 ib. c. 10
3 3 , 3 a. 15
3 532 ib. c. 2
3 41 4 a. 9
4 14 ib. b. 15
4 34 5 a. 1
5 10 ib. b. 9
5 99 ib. c. 15
6 3 6 b. 1
6 20 ib. c. 4
6 38 7 a. 9
7 10 7 b. 15
7 28 8 a. 1
8 1 ib. b. 9
8 ΞΟ fib. c. 14
9 1 9 a. 15
9 11 ib. c. 1
9 30 10 a. 8
10 7 ib. Ι). 15
10 27 11 a. Ζ).
10 ult. 11 b· 9
11 18 11 c. 17
11 37 12 b. Ξ
12 11 12 c· 9
12 30 13 a. 16
13 3 13 c. 3

14 a. 10
14 1 14 b. 11
14 18 14 c. 16
14 37 15 b. 12
15 12 15 c. 9
15 32 16 a. 13
16 5 16 b. 19
16 24 17 a. 1
16 42 17 b. 8
17 15 17 c. 14
17 33 18 a. 18
18 6 18 c. ,3
18 24 19 a. 10
18 42 19 a. 14
19 15 19 c. ull
19 34 20 b. ὃ
20 7 20 c. 121
1 1 1 b. ult
1 18 · 2 a. o
1 37 Ξ. b. 10
2 13 16
‘2 31 36 a· 3
3 4 3 c. 10
3 23 4 a. 18
5 1 5 a. 18

Franks.

