367

Reisk. Paris. Ald. t. ii. Basiieens. Franks.
p. 1201 664 13 170 34 704 1). 10 1081 1).
2 4 31 170 43 4 c. 15 ib. e.
3 5 8 1 16 6 a. ult. 1082 1).
4 5 26 1 35 5 o. 5 ib. e.
5 6 1 2 6 6 a. 9 1083 b.
6 6 1 2 1 6 b. 12 ib.
7 6 16 2 16 6 o. 16 1084 b.
8 7 11 3 9 ¹7 a. ult. 113. e.
9 7 29 3 27 7 c. 4 1085 b.
1210 8 5 4 1 8 a. 9 ib. d.
1 8 23 4 19 8 b. 13 1086 a.
2 Spen. 4 37 8 a. 18 ib. d.
3 9 16 5 11 9 b. 1 1087 a.
4 9 34 5 29 9 c. 5 ib. d.
5 670 12 6 3 ’710 a. 9 1088 a.
6 670 30 6 22 ’710 1). 16 11). d.
7 1 6 6 42 710 e. ult. 1089 a.
8 1 23 7 15 1 1). 4 11). c.
9 1 41 7 35 1 c. 8 ib.
1220 2 18 8, 8 2 a. 1⁶2 1090 o.
1 2 36 8 27 2 1). 16 ib. e.
2 3 11 8 pen. 2 c. ult. 1091 1).
3 S 28 9 18 3 b. 6 ib. e.
4 4 5 9 38 3 e. 12 1092 b.
5 4 25 180 12 4 a. 16 ib. e.
6 5 1 180 31 4 0. 2 1093 1).
7 5 19 1 3 5 a. 6 ib. e.
8 6 1 1 1 5 b.pen. 1094
9 6 12 1 12 5 c. 14 11). e.
1230 6 29 2 3 6 a. ult. 1095 b.
1 7 8 2 22 6 c. 5 ib. e.
2 7 25 2 39 7 a. 8 1096 b.
3 8 1 3 12 7 b. 14 ib. c.
4 8 19 3 31 7 c. pen. 1097 b.
6 9 4- 4 4 8 c. 6 1098
7 9 22 4 22 9 a. 10 ib. e.
8 680 1 4 pen. 9 b. 15 1099 b.
9 680 20 5 1.) 9 apen. ib. d.
10240 680 39 5 :37 720 b. 5 1100 a.
1 1 16 6 9 720 c. 9 ib. d.
2 1 35 6 29 1 a. 15 1101 a.
3 2 1‘2 7 ‘2 1 c. 1 ib. d.
4 2 31 7 22 2 a. 7 1102 a.
5 3 6 '7 40 2 b. 13 ib. d.
6 3 1 8 1 3 a. 5 1103
'7 3 ult. 8 15 3 b. 1 ib.
8 4 18 8 33 3 c. 6 1104 c.
9 4 37 9 10 4 a. 3 ib. e.
1250 5 12 9 34 4 1). 16 1105 1).
1 5 30 190 6 4 c.pen. ib. e.
2 6 6 190 24 5 b. 4 1106 1).
’ 3 6 26 190 pen. 5 c. 11 ib. e.
4 7 3 1 15 6 a. 15 1107 b.
5 7 22 1 33 6 c. 1 ib. e.
6 8 1 2 1 7 a. 11 1108
7 8 14 2 14 7 b. 14 ib.
8 8 3⁹2 2 32 7 mpen. 1109 b.
9 9 11 3 4’7 8 b. 7 ib. e.
1260 9 30 3 28 8 c. 13 1110 1).
1 690 4 3 ant. 9 a. ant. ib. d.
2 690 23 4 17 9 e. 3 1111 a.
3 690 42 4 35 730 a. 8 ib. d.
4 1 17 .› ¹‘7 730 b. 13 1112 a.

J

μμ

ἓ

(ιῦνρἢΟΟΝἰΗ-*ᾼΌ-*ΐῦιῢνῖ-ΦΦΟΟΌΗΟΗ»ιὶὶῦτῲᾼῲἻΘὺΟῦ-ὶῦῐθῖωιρὢῦῦιὺμἴθυῐυῐυιυῑθῦςῠῦῑ*ΟῦμῡῦώωὶᾺῆοΦωΦΦΡ-*ῶωνρυιω

μ

ἐξ)

μ

