351

Reisk. Paris. Aldin. Basileens. Franks.
p. 133 76 10 53 38 53 o. 10 96 f.
4 6 39 4 11 4 a. 15 97 c.
5 7 24 4 30 4 c. 1 ib. e. 1
6 8 15 5 3 5 a. 6 98 b. 1
7 9 10 5 23 5 b. 12 ib. e.
8 80 1 5 41 5 c. 15 99 b.
9 80 26 6 13 6 a. ult. ib. e.
140 1 14 6 31 6 c. 3 100 b.
1 1 pen. 7 5 '7 a. 9 ib. d.
2 2 25 7 23 7 b. 13 101 a.
3 3 6 7 42 7 o. 18 ib. d.
4 3 32 8 15 8 b. 3 102 a.
5 4 12 8 33 8 c. 8 ib. c.
6 4 36 9 6 9 a. 13 103 a·
7 5 18 9 25 9 b. 18 ib. o.

8 5 40 9 44 60 a. 3 ib. pen.
9 6 22 60 16 60 b. 8 104 o
150 6 ult. 60 35 60 c. 12 ib. e. 1
1 7 17 1 8 1 a. ant 105 b. 10

2 8 1 2 1 4 c. 13 117
3 8 14 2 10 5 a. 6 ib. pen
4 9 19 2 29 5 b. 12 118 c.
5 90 5 3 ,6 5 o. 17 ib. pen
6 90 31 3 26 6 b. 2 119 c
7 1 14 3 pen. 6 c. 10 ib. f
8 1pen. 4 18 7 a. 15 120 c
9 2 5 4 35 61 c. 13 114 b
160 3 2 5 10 2 a. 19 ib. d
1 3 20 5 30 2 c. 5 115 b
2 3 37 6 3 3 a. 11 ib. d
3 4 13 6 21 3 b. 17 116 a
4 4 30 6 40 4 a. 1 ib. d
5 5 5 '7 13 4 b„ 5 117 a
6 6 1 8 1 7 123
7 6 11 8 14 8 a. 6 ib. o
8 ¹7 14 8 33 8 b. 13 124 b
9 8 1 9 12 8 o. pen. ib. e
170 8 28 9 31 9 b. 5 125 b
1 9 16 '70 2 9 0. 10 ib. d
2 9 37 70 22 ’70 a. 17 126 a
3 100 20 '70 40 70 ο. 2 ib. d
4 1 5 1 12 1 a. 8 127 a
5 1 27 1 30 1 b. 14 ib. d.
6 2 2 2 3 1 c. aut. 128 a.
8 3 1 3 1 2 c. 4 133
9 3 25 3 18 3 a. '7 ib. c
180 4 22 3 39 3 b. 10 ib. ul
1 5 12 4 13 3 c. 17 134 a
2 6 6 4 32 4 b. 2 ib. f
3 6 33> 5 5 4 c. 4 135 c
4 7 19 5 25 5 a. 12 ib. antep
5 Tpen. 5 43 5 b. 18 136 c
6 8 15 6 16 6 a. 3 ib. e
7 9 1 6 35 6 b. 8 137 c
8 9 27 7 2 6 c. 12 ib. e.
9 110 5 7 28 7 a. ant. 138 b.
190 1 1 9 1 8 a. 4 141
1 1 7 9 4 8 a· 9 ib.
2 2 12 9 23 8 b. 17 142 c
3 2 pen. 9 pen. 9 a. 3 ib. e
4 3 26 80 18 9 b. 8 144 c
5 4 20 80 37 9 c. 14 ib. e
6 5 17 1 9 80 a. ant 146 b

moeuowmv-*tozowh—w.

