369

Reisk. Paris. Ald. t. ii. Basileens. Franks. Tayloraoldii.
p. 1332 720 19 222 10 511 c. 3 854 a. 8 539 10
3 720 38 2 30 2 3. 11 ib. d. 7 540 12
4 1 16 3 4 2 b. 18 855 3. 8 · 1 13
5 1 35 3 23 3 a. 3 ib. d. 7 2 15
6 2 12 3 ant. 3 b. 9 856 a. 8 3 17
7 2 30 4 16 3 c. 15 ib. d. 7 4 18
8 3 7 4 35 4 b. 1 857 a. 8 5 ult.
9 3 28 5 10 4 0. 5 ib. d. 10 7 2
1340 4 4 5 29 5 3. 12 858 3. 10 8 3
1 4 22 6 4 5 b. ant ib. d. 9 9 3
2 4 40 6 23 6 a. o 859 a. 9 550 5
3 5 17 6 43 6 b. 10 ib. d. 9 1 ¹7
5 6 l 8 1 7 b. 1 860 1 562 1
6 6 16 8 16 7 c. 4 861 b. 3 3 7
7 7 3 8 33 8 a. 8 ib. e. 1 4 9
8 7 21 9 10 8 b. 15 862 b. 1 5 10
9 7 39 9 28 8 e. ant. ib. e. 1 6 12
1350 8 17 230 2 9 b. 6 863 b. 3 7 16
1 8 36 230 20 9 c. 1-1· ib. e. 4 8 pen.
2 9 12 230 38 520 a. 18 864 b. 4 570 1
3 9 30 1 9 520 c. 2 ib. e. 2 1 4
4 730 5 1 26 1 3. 7 865 b. 2 2 7
5 730 24 1 pen. 1 b. 13 ib. ὲ. 3 3 8
6 1 1 2 18 1 c. aut. 866 a. 2 4 10
7 1 19 2 36 2 b. 4 ib. e. 1 5 13
8 1 36 3 8 2 e. 7 867 3. 9 6 15
9 2 13 3 27 3 a. 13 ib. d, '7 ‘7 17
1360 2 32 3 ult. 3 b. ant. 868 a. 9 8 ult.
1 3 8 4 18 4 a. 2 ib. d. 6 580 1
2 3 25 4 47 4 b. 9 869 a. 9 1 3
3 4 2 5 9 4 c. 14 ib. d. 8 2 6
4 4 21 o 28 5 a.pen. 870 3. 8 3 8
5 4 39 5 ult. 5 c. 2 ib. d. 6 4 10
6 5 17 6 20 6 3. 8 871 a. 7 5 12
7 5 36 6 38 6 b. 13 ib. d. 4 6 14
8 6 12 7 11 6 o. 17 872 a. 3 7 15
9 6 30 7 31 7 b. 1 ib. d. 1 8 17
1370 7 8 8 4 '7 o. 9 873 3. 5 590 2
1 7 26 8 24 8 a. 14 ib. d. 4 1 4
2 8 4 8 ant. 8 b. ant. 874 a. 5 2 6
3 8 22 9 17 9 3. 4 ib· d· 1 3 8
4 8 40 9 36 9 b. 10 875 3. 1 4 10
5 9 16 240 9 9 c. 15 ib. o. 9 5 12
6 9 34 240 27 550 a. ult. ib. ult. 6 14
7 ’740 9 240 aut. 530 c. 3 876 c. 3 '7 14
8 740 27 1 17 1 a. 6 ib. e· 10 8 16
9 1 2 1 35 1 b. 10 877 ο. 1 9 peu.
1380 1 20 2 7 1 c. 15 ib. e. 10 601 1
1 1 39 2 25 2 3. ult 878 b. 9 2 3
2 2 15 2 42 2 c. 5 ib. e. 4 3 4
3 2 32 3 14 3 a. 10 879 b. 6 4 6
4 3 8 3 32 3 b. 14 ib. e. 2 5 7
5 3 27 4 6 3 σφω). 880 b. 5 6 9
6 4 3 4 25 4 b. 6 ib. e. 2 7 12
⁷ 4 22 4 ult. 4 ο. 14 881 b. 5 8 15
Β 4 40 5 18 5 a. ult. ib. e. 3 610 1
9 5 4 6 4 152 b. 6 240 6
1390 5 23 6 23 2 c. 14 241 c. 7
1 6 12 (ipen. 3 a. ult. ib. pen.
2 6 30 7 17 3 c. 3 242 0. 1
3 7 6 7 35 4 a. 9 ib. e· 8
4 7 24 8 8 4 b. 16 243 b. 10
5 7 41 8 25 4 mpeu. ib. e. 6
³ ε

