352

Reisk. Paris. Audin. Basileens. F, nnks. 'hylan vol. ii.
p. 197 115 nu. 81 27 80 c. 5 146 e. 5
8 .6 27· 1 ult. 1 a. 9 147 b. 6
9 7 11 2 18 1 b. 13 ib. e. 2
200 Ypen. 2 37 1 c. ιιΙι. 148 b. 1
1 8 19 3 10 2 b. 5 ib. d. 8.
2 9 1 4 1 2 e. 9 154 1
3 9 25 4 17 3 a. 18 155 b. 5
4 120 20 4 41 :3 b. pen. ib. e. 4
5 1 6 o 14 4 a. 6 156 b. 6
6 1 32 5 33 41). 13 ib. e. 5
7 2 12 6 6 4 ο. pen. 157 1). 8
8 2 40 6 25 5 b. 6 ib. e. 5
9 3 25 spen. 5 c. 11 158 b. 5
210 4 17 7 17 6 a. 15 ib. e. 1
1 5 1 78 1 6 c. 14 ἰ163 1
2 5 9 8 6 6 ο. ult. ib. b. 3
3 6 21 8 24· 7 b. 4 ib. e. 1
4 -6 pen. >8 ult. 7 ὀ. 9 -164 b. 7
5 7 ,25 9 19 8 a. Ι12 ib. e. 3
6 8 3 9 38 8 b. ant. ι165 1). 2
7 8 20 90 12 9 a. 2 ib. d. 10
8 8 38 90 -31 9 1). 9 166 a. 10
9 9 18 1 4 9 c. 11 ib. d. 6
220 129 ult. 1 22 90 a. 16 16'7 a. 6
5 31 1 3 1 313 a. 4 472 1 469 1
6 1 5 3 3 3 a. 7 ib. 4 3
7 2 20 3 ’22 31). 15 473 c. 5 470 14
8 3 18 Spen. 3-c. ult. ib. -f. 3 1 17
9 4 15 4 18 4 b. 6 4⁴74 c. 4 2 pen.
230 5 12 4 38 4 c. 12 ib. ..f 3 4 2
’ 1 6 2 5 11 5 8. 19 475 c. 5 5 5
2 6 29 5 33 5 c. 3 ib. f. 3 6 8
3 7 14 6 3 6 a. 8 476 c. 1 7 10
4 7 39 6 21 6 b. 15 ib. e. 10 8 12
5 8 22 6 42 6 c. ult. 477 b. 10 9 13
6 9 9 7 14- 7 b. 4 ib. e. 7 480 15
7 9 36 ’7 33 7 o. 8 478 b. 6 1 15
8 140 17 8 6 8 8. 11 ib. e. 3 2 15
9 140 38 8 25 8 b. 15 479 b. 5 3 17
240 1 21 9 4 9 a. :3 ib. e. 7 4pen.
1 2 3 9 23 9 b. 9 480 b. 7 6 1
2 2 31 9 ant. 9 c. 16 ib. e. 7 7 5
3 3 16 100 17 320 a. pen. 481 b. 7 8 7
4 4 4 100 36 320 c. 7 ib. e. 4 9 10
5 4 31 1 12 1 a. 11 482 b. 6 490 13
6 5 21 1 32 1 b. am. ib. e. 6 1 1-1·
7 5 pen. 2 4 2 b. 3 483 1). 8 2 15
8 6 28 2 23 2 b. 8 ib. e. 7 3 16
9 7 14 2 42 2 c. 14 484 b. 5 4 18
250 7 39 3 16 3 a. 18 ib. e. ‘2 6 1
1 8 23 3 35 3 c. 2 485 b. 4 7 4
2 9 4 4 16 4 a. 6 ib. e. 2 8 10
3 9 30 4 34 4 b. 10 486 b. 1 9 12
4 150 15 5 9 4 c. 15 ib. d. 6 500 15
5 150 pen. 5 28 5 a. pen. 487 8.10 1 18
6 1 24 6 2 5 c. 5 ib. d. 7 2 unt.
7 2 1 6 21 6 a. 8 488 a. 8 4 5
8 2 28 6 39 6 b. 14 ib. d. 6 5 7
9 3 17 7 14 6 c. ant. 489 a. 6 6 10
260 4 6 7 -33 '7 b. 4 ib. d. 4 7 12
1 4 31 S 6 7 c. 7 490 a. 4 8 15
2 5 2 8 24 8 a. 12 ib. c. 10 9 14
:3 5 37 8 pen 8 b. 17 491 a. ‘2 510 17

“ammaum-rm...- ; ιῆ-...ὶ-φ· ·.-·, . ’.Ἅι ;.-» -. -

