,μ
Ἲῦὶϋῖορωὲθμὲίῦω*Ἰαυῑὺωὶθῠ-ᾸΟὈΦἺΦΟΗρωῶῦ-Ι

⁵&—
010oe

ωῆαωῂωωμδωωηωωᾼωωμω

8

‚p-
υτρωῑθμὲΌΦἿΗΟΌ

fflffi

Paris. Amin. Basileens. Frankf. Taylor.vo1.ii.
239 35 166 2 223 c. 10 321 b. 2 176 11
240 18 6 21 4 a. 15 ib. d. 10 7 14

1 5 6 41 4 c 2 322 b. 4 8 pen.

1 33 7 15 5 a. 6 ib. d. 10 180 1

2 18 7 33 5 b. 13 323 b. 3 1 3

3 pen. 8 6 5 c. 18 ib. e. 1 2 5

4 26 8 24 6 b. 2 324 a. 9 3 6

5 15 8 ant. 6 c. 8 ib. d. 7 4 8

5 33 9 16 7 a. 13 325 a. 8 5 9

6 13 9 34 7 b. 19 ib. d. o 6 12

6 ult. 170 8 8 a. 4 326 a. 9 7 13

7 20 170 19 8 b. 12 ib. d. 8 8 15

7 40 170 pen. 8 c. ant. 3⁴27.b. 1 9 pen.

8 22 1 18 9 b. 5 ib. e. 2 191 1

8 pen. 1 36 9 c. 14 328 b. 5 2 4

9 24 2 10 230 a. 17 ib. e. 1 3 5
250 2 2- 28 230 c. 3 329 b. 2 4 6
250 pen. 2 ult. 1 a. 7 ib. d. 10 5 7

1 27 3 19 1 b. 15 330 b. 2 6 9

2 12 3 32 1 c. pen. ib. d. 8 ⁷ 10

2 37 4 9 2 b. 8 331 b. 1 8 17

3 19 4 29 2 0. 13 ib. d. 10 9 pen.

4 6 5 ὅ 3 a. ant. 332 b. 2 201 2

4 30 5 25 3 c 3 ih. d. 9 2 4

5v 7 5 ult. 4 a. 9 333 b. 3 3 7

5 36 6 29 41). pen. ib. e. λ 4 14

6 23 7 6 5 a. 3 334 b. 6 5 16

6 ult. 7 25 5 b. 11 ib. e. 5 6 18

7 24 7 ant. 5 o. 19 335 b. 8 8 2

8 1 8 20 6 b 5 ib. e. 9 9 4

8 21 8 39 6 0. 11 336 c. 1 210 6

8 40 9 12 7 a. 15 ib. e. 9 1 8

9 210 9 31 7 ο, 1 337 d. 10 2 11

9 39 180 4 8 a 5 ib. e. 6 3 13
260 24 180 23 8 b. 11 338 b. 6 4 16

1 2 180 41 8 c. 17 ib. e. 2 5 18

1 31 1 14 9 b 2 339 d. 7 6 pen.

2 16 1 33 9 c. 8 ib. e. 5 8 1

2 pen. 2 7 240 a. 14 340 b. 7 9 4

3 23 2 26 240 b. ult. ib. e. 4 220 6

3 40 2 ant. 1 a. 4 341 b. 6 1 7

4 pen. 3 17 1 b. 9 ib. e. 5 2 9

5 27 3 37 1 c. 16 342 b. 5 3 12

6 8 4 9 ⁴2 a ult. ib. e. λ 4 14

6 35 4 28 2 c. 6 343 b. 2 5 16

7 16 4 ult. 3 a. 10 ib. d. 9 6 18

7 36 5 19 3 b. 14 344 a. 8 7 ult.

8 12 5 37 3 c. aut. ib. d. 6 9 2

8 35 6 9 4 b. ἱ 2 345 a. 4 230 3

9 18 6 28 4 c. 7 ib. d. 2 231 5
270 4 7 1 5 a. 12 ib. ult. 232 8
270 24 7 19 5 b. 17 346 c. 7 233 9

1 5 7 39 6 a. 3 ib. pen. 234 13

1 25 8 12 6 Ι). 11 341 c. 6 235 17

3 1 191 1 372 a. 10 541 1 7 1 vol. iii.

4 18 1 17 2 b. 9 ib. c. 7 8 7

5 20 1 35 2 c. 11 542 a. 3 9 8

6 16 2 11 363 a. ant. ib. d. 1 10 11

7 15 2 30 3 c 1 543 a. 3 11 13

8 2 3 3 4 a. 8 ib. c. 9 12 15

9 14 3 21 4 b. 10 544 a. 1 13 17
280 7 3 39 4 c. 13 ib. c. 7 14 18

1 5 4 11 5 a. ant. ib. unt. 15 ult·

