356

Reisk. Paris. Aldin. Basileens. Frankf. Tnyloraohiii.

p. 466 282, 4 194 28 365 b. ult. 545 c. 5 17 2
7 3 15 5 2 6 ι. 6 ib. uu. 18 5
8 4 2 5. 20 6 b. 8 546 ο 9 19 7
9 4 30 5 38 6 ο. 8 547 a 1 20 8
470 6 5 6 10 7 a. 17 ib. c 7 1 11
1 6 ant. 6 97 7 Ι). ult ib. f. 2 2 12
2 7 26 7 1 8 a. :3 548 c 5 3 14
3 8 19 7 19 8 Ι). 7 ib. f 1 4 15
4 9 8 7 37 8 ο. 12 549 c 3 5 17
5 ⁶290 1 8 11 9 a. 16 ib. e 10 6 pen.
6 ⁶290 27 8 30 9 c. 3 550 c 3 8 2
7 1 5 9 3 370 a. 8 ib. s 2 9 4
8 2 3 9 92 370 Ι). 13 551 o 5 30 6
9 2 36 9 41 370 c. ult ib. e 12 1 7
480 3 ‘25 ‘200 13 1 b. 5 5³⁶..) c 1 2 9
1 4 19 200 30 1 c. 12 ib e 8 3 10
2 4 39 1 2 2 a, 16 5³3 b ⁷ 4 11
3 5 ει 1 ρο 2 b. pen. ib. e. 5 5 -12
4 5 ult. 1 38 3 a. 4 554 b 5 6 13
5 6 ant. 2 11 3 Ι). 9 ib. e Ξ 7 14
6 7 19 2 ‘2'8 3 c. 14 555 Ι) 1 8 13
7 8 7 2 ult. 4 a. ant ib. d 7 9 12
8 9 1 3 18 4 c. 3 556 a 8 40 · 15
9 9 30 3 37 5 a. 8 ib. d 8 1 pen.
490 300 ⁶22 4 10 5 b. 16 557 a 8 3 1
1 1 20 4 31 6 a. 2 ib. d 10 4 4
2 2 12 5 4 6 b. 10 558 b ‘2 5 7
3 3 6 5 ‘23 6 c. 10 ib. d. 8 6 9
4 3 pen. 5 4‘2 7 a. ult. 559 b. 2 '7 11
5 4 ‘28 6 16 7 c. 4 ih. e 2 8 13
6 5 22 6 34 8 a. 10 560 Ι) 4 9 14
7 6 8 7 7 8 b. 14 ἱΙ). e. 1 50 15
8 7 4 ‘7 95 8 c. 18 561 Ι). 2 1 16
9 7 33 7 43 9 Ι). 1 ib. d. 10 2 17
500 8 26 3 15 9 o. 4 56‘2 a.10 3 18
1 9 ‘21 8 31 380 a. 10 ib. d 8 4 18
2 310 11 9 6 380 Ι). 16 563 ’1. 8 5 pen.
3 310 ult. 9 27 :380 c. pen. ib. d. 5 6 ult.
4 1 28 9pcn. 1 b. 7 564 a. 6 8 1
5 2 13 210 17 1 c. 12 ib. d 2 9 4
6 ‘2 pen. 10 :36 Ξ.) a. 17 565 a. 2 60 5
7 4 4 1 9 2 c. 3 ib. d 2 1 7
8 4 27 1 27 3 a. 10 566 a 6 2 8
514- 7 1 5 1 5 Ι). 1 603 1 › 87 1
5 8 1 5 10 5 b. 15 ib. b. 7 87 10
6 9 9 5 28 5 c. uli. ib. b. ult. 8 pen.
7 320 12 6 6 6 b. 7 601 c. 8 90 1
8 1 10 6 ‘23 6 c. 10 ib. pen. 1 2
9 2 2 6 39 7 a. 15 605 c. 7 2 3
520 3 24 7 15 7 Ι). ult ib pen. 3 5
1 4 2 7 35 8 a. 7 606 ο. 4 4 7
2 4 40 ὃ 7 8 b. 10 ib. f. 3 5 7
3 5 25 8 26 8 c. pen. 607 o. 7 6 10
4 6 15 8 ult. 9 b. 7 608 a. 1 7 13
5 7 16 9 ‘20 9 c. 16 ib. c 9 8 15
6 8 17 9 40 390 b. ο 609 a. 3 9 18
7 8 ult. 2⁶20 13 390 c. 9 ib. d ‘2 101 1
8 9 ‘28 220 31 1 a. 15 610 a. 5 2 2
9 330 17 1 4 1 Ι). ult. ib. d. 2 3 4
530 1 12 1 22 Ξ a. 6 611 a. 3 4 8
1 ἓ 9 1 4⁶2 2 b. 14 ib. d 1 5 9
2 2 33 ΞΕ 13 2 o. auh· 612³ 2 6 16
3 3 14 ‘2 31 3 b. 3 ib. c. 9 7 17

 

