361

Reisk. Paris. Α1ᾱ.1.1ἰ. Basileens, Franks. Taylor. vohiii.
p. 803 495 34- 14- ant. 504 e. ¹ 2 845 d· 10 501 15
4 7 11 5 18 5 a. 8 846 b. 2 2 17
5 7 29 5 37 5 1). 12 11). d. 10 3 ult.
6 8 5 6 9 5 e 18 84⁷ a. 10 5 3
7 8 23 6 29 6 1). 2 11). d. 8 6 ⁷
8 8 pen. 7 1 6 c. 5 888 a. 8 7 9
813 9 1 8 1 547 b. 15 895 1
4 500 2 8 14· ’7 c.13 11). c. 4
5 500 19 8 32 8 a. 16 ib. e. 10
6 500 37 9 9 8 b. pen. 896 b. 9
7 1 12 9 27 9 a. 2 ib. e. 4
8 1 29 9 pen. 9 b. 7 897 1). 6
9 2 7 20 17 9 c. 11 ib. e. 6
820 2 25 20 35 550 a. 16 898 b. o
1 3 2 1 9 5501». ult. ib. e. 1
2 3 20 1 27 1 a 4· 899 1). 1
3 . 3 37 1 ult. 1 b 9 ib. d. 8
4· 4 14 2 16 1 c ’12 900 a. 5
5 4 30 2 35 2 a 14 ib. c. 9
6 5 5 3 7 2 b 18 ib. pen.
¹7 5 24 3 24 2 c ult. 901 c. 4
8 5 41 3 41 3 a 24 ib. e. 10'
9 6 17 4 13 3 c 6 902 b. 7
830 6 34 4 :31 4 a. 9 i-b. e. A
1 7 22 5 3 4 b. 14 903 1). )
2 -7 27 5 21 4 c 17 ib. d. 6
3 8 2 5 39 5 1) 1 904 a. Q
4 8 21 6 12 5 e 5 ib. d. 6
5 -8 40 6 30 6 a 10 905 1
6 9 4 7 4- 6 b ult. ib. ἢ
7 9 23 . 7 23 7 a 5 906 a. 6
8 510 12 7 ult. 7 b 10 ib. d. 2
9 510 32 8 19 7 c 14 907 a. 3
840 1 11 8 37 8 1) 3 11). d· 2
1 1 29 9 9 8 c 8 908 a· 2
2 2 5 9 26 9 a 9 11). c. '7
3 2 23 9 vant. 9 b 14 11). f. 2
4 3 1 30 9 560 a 4 909 1
5 3 14 30 23 560 b. 3 910 a. 6
6 3 31 1 1 560 ο. 7 ib. d. 3
'7 Υ4· 10 1 18 1 a. 10 901 a. 2
8 4 28 1 3‘7 1 b. 14« 11). c. 9
9 5 4 2 9 1 apen. ib. pen.
850 5 22 2 27 2 b. 3 902 c. 6
1 5 40 2 pen. 2 ο. 8 11). f. 2
2 -6 16 3 17 3 a. 11 903 o. 3
3 6 35 3 36 3 b. 17 11). ant.
4 7 10 4 8 4 a 1 904 c. 3
5 7 28 4 26 4 b 5 ib. ο. 10
6 -8 3 4 ant. 4 c. 10 905 1). 9
⁷ -8 20 5 16 5 a. 14 ib. e. 8
8 8 38 5 35 5 1). pen. 906 1). 8
9 -9 15 6 8 6 a. 4 ib. e. 7
ι 860 9 32 6 26 6 1). 9 907 b. 6
1 520 10 6 pen. 6 c. 13 ib. e. 3
2 520 28 7 16 7 a. 16 908 b. 3
4· 1 1 8 1 7 c. 18 909 1
5 1 17 8 17 8 a. 19 ib. e. 5
6 2 ’7 8 35 8 c. 3 920 1). 7
7 2 27 9 12 9 a. 8 ib. e. 5
8 3 3 9 31 9 b. 13 921 b. '7
9 3 22 40 2 9 c. ant. 11). e. 8
870 3 40 40 21 570 1). 4 922 1). 5
3 Α

