359

Reisk. Paris. Aldiu. Basileens. Frankf. Taannzvoljii,
p. 668 426 14 279 39 449 a. 12 748 d. 3 308 pen.
9 6 un. 280 ω 9 b. am. 749 a. 5 310 1 '
670 7 24 2280 31 450 a. 4 ib. d. 5 ” 1 4
1 7 ult. 1 4 450 b. 10 750 a. 5 2 6
2 8 22 1 24 450 c. 16 ib. d. 3 3 9
8 40 1 43 l a. ult. 751 a. 5 4 12
4 9 17 2 15 1 c. 8 ib. d. 4 5 16
5 9 35 2 31 2 a. 11 752 a. 4 6 14
6 430 11 3 4 2 b. 17 ib. d. 1 7 14
7 430 29 3 22 2 c. ult. ib. ult. 8 16
8 1 5 3 41 3 b. 7 753 c. 9 9 18
9 1 23 4 14 3 c. 11 ib. ult· 3⁶20 18
680 1 pen. 4 34 4 a. 16 754 c. 7 1 pen.
1 2 24 5 5 5 c. 1 ib. f. 3 2 pen.
2 2 ult. 5 23 5 a. 6 755 c. 2 4 2
3 3 19 5 41 5 b. 11 ib. e. 7 5 3
4 3 38 6 13 5 c. 16 756 b. 9 6 6
a 4 19 6 31 6 a. 19 ib. e. 4 7 6
6 5 8 7 3 6 c. 5 757 b. 6 8 9
¹7 5 35 7 23 7 a. 9 ib. e. 5 9 11
8 6 18 7 43 7 b. 16 758 b. 5 3⁶0 12
9 6 34 8 ‘²16 8 a. 1 ib. e. 2 1 14
690 7 13 8 36 8 b. 8 759 b. 5 2 16
1 7 31 9 9 8 o. 15 ib. e. 3 3 18 ,
2 8 11 9 27 9 a. ult. 760 b. 5 5 1
700 440 1 293 1 461 c. 16 773 1 365 1
1 1 20 3 16 2 a. 19 ib. f. 3 6 7
2 2 17 3 33 2 c. 1 774 c. 6 7 8
3 3 11 4 8 3 a. 8 ib. e. 12 8 10
4 4 3 4 25 3 b. 12 775 c. 1 9 11
o 4 27 4 42 3 c. 17 ib. e. 7 370 12
6 5 3 5 15 4 a. ult. 776 b. 6 1 14
. 7 5 30 5 34 4 c. 5 ib. e. 4 3 1
8 6 19 6 7 5 a. 3 777 b. 4 4 6
9 7 5 6 25 5 b. 14 ib. e. 4 5 8
710 7 34 6 ant. 5 o. ant. ’778 b. 2 6 11
1 8 15 7 17 6 b. 4 ib. e. 1 7 15
2 8 37 7 36 6 c. 9 779 b. 1 8 17
3 9 19 8 7 7 a. ult. ib. d. 9 9 ult.
4 450 3 8 25 7 b. 19 780 a. 8 381 4
5 450 30 8 ant. 8 a. 1 ib. d 7 2 5
6 1 8 9 16 8 b. ο 781 ἰ 5 3 8
7 1 34 9 34· 8 c. 9 ib. d 3 4 11
8 2 18 300 7 9 a. 14 782 a 3 5 13
9 2 38 300 24 9 b. pen. ib. c 10 6 14
720 3 21 300 43 470 a. 1 783 a. 1 7 16
1 4 7 1 16 470 b. 7 ib. c. 10 8 ult.
2 4 35 1 34 470 c. 11 ib ult 390 2
3 5 pen 2 7 1 a. 17 784 c 8 1 5
4 6 ‘21 2 25 1 b. ult. ib. f 3 2 6
5 6 40 2 pen. 2 a. 5 785 o 6 3 10
6 7 25 3 18 2 b. 11 ib. pen 4 13
7 8 10 3 36 ‚2 c. 17 786 c 4 5 17
8 8 33 4 10 3 a. ult ib. f 2 6 ult.
9 9 12 4 29 3 c. 5 787 c 6 8 4
730 9 33 5 2 4 a. 11 ib. antep 9 8
1 460 14 5 ‘20 4 b. 17 788 e. 4 400 11
2 460 34 5 39 o a. 1 ib. f. 1 1 14
3 1 13 6 10 5 b. 7 789 c. 3 2 18
4 2 1 6 28 5 c- 19 ib. f. 3 -1- 2
5 2 32 7 2 6 b. 1 790 c. 6 5 7
6 3 18 7 ’19 6 c. 5 ib. autep 6 8
7 4 14 7 37 7 a. 10 791 c. 6 7 1‘2

