368‘

Reisk. Paris. ΑΜ. t. ii. Basileens. Franks. Tnylnr. vol. iit.
p. 1265 691 36 195 25 730 ο. ant. 1112 c. 10
6 2 11 5 43 1 b. 3 ib. pen.
7 2 29 6 16 1 ο. 11 1113 c. 9
8 3 5 6 34 2 a. 17 1114 a. 1
9 3 23 7 6 2 c. 3 ib. c. 10
1270 3 41 7 24 3 a. 6 ib. ult.
2 4- 1 8 1 4 a. 4 1116 1
3 5 9 8 17 4 b. 4 ib. d. 3
4 5 26 8 36 4 o. 12 1117 a. 1
5 6 2 9 14 5 a. 16 ib. c. 9
6 6 21 9 32 5 b. ult. ib. pen.
7 6 38 200 4 6 a. 4 1118 c. 4
8 '7 15 200 24 6 b. 13 ib. antep.
9 7 33 200 43 6 c.pen. 1119 0. 4
1280 8 10 1 16 7 b. 5 ib. antep.
1 8 28 1 35 7 c. 11 1120 c. 4
3 9 3 2 1 8 ὕφει). 1121 4
4 9 22 2 23 9 a. 3 1122 a. 4
5 700 16 :3 6 9 b. 7 ih. d. 1
6 '700 35 3 25 9 c. 13 ib. ult.
7 1 11 3 ant. '740 a. 16 1123 o. 7
8 1 29 4 16 740 b.pen. ib. antep.
9 2 5 4 34 1 a. 4 1124 c. 3
1290 2 23 5 9 1 b. 8 ib. e. 10
1 2 41 5 27 1 c. 11 1125 b. 8
2 3 17 5pen. 2 a. 13 ib. e. 5
3 3 35 6 16 2 b. 17· 1126 b. 4
4 4 11 6 36 2 c. ult. ib. e. 3
5 4 29 7 10 3 b. 5 1127 b. 2
6 5 4 7 27 3 c. 8 ib. d. 8
'7 5 22 7 ult. 4 a. 12 1128 a. 7
9 6 1 9 1 536 a. 4 882 1 626 1
1300 6 16 9 16 6 b· 6 883 a. 2 7 7
1 7 3 9 33 6 o. 11 ib. c. 7 8 7
2 7 ’21 210 12 7 a. 15 ib. pen. 9 9
3 7 39 210 31 7 b. ult. 884 ο. 4 630 12
4 8 15 1 4 8 a. 6 ib. f. 2 1 15
5 8 34 1 23 8 b. 11 885 c. 4 2 17
6 9 12 1 41 8 c. 18 ib. s. 2 Spen.
7 9 30 2 ’14 9 b. 4 886 c. 5 5 2
8 710 7 2 32 9 c. 9 ib. f. 1 6 3
9 710 26 3 1 540 a. 11 887 c. 2 7 4
1310 1 1 3 18 540 b. 14 ib. e. 5 8 5
1 1 19 3 35 540 0. 18 888 b. 7 9 6
2 1 37 4 7 1 b. 1 ib. e. 5 640 7
3 2 14 4 25 1 e. 6 889 b. 3 1 9
4 2 33 4 ant. 2 a. 12 ib. d. 10 2 12
5 3 9 5 17 2 b. 18 890 b. 2 3 15
6 3 26 5 34 3 a· 1 ib. d. 7 4 17
7 4 1 6 6 3 b. 5 891 a. 8 5 18
8 4 20 6 23 3 c. 8 ib. d. 2 6 peu.
9 4 38 6 42 4 a. 11 892 a. 3 8 2
1320 5 16 7 15 4 b. 16 ib. c. 9 9 4
2 6 1 8 1 507 b. 11 849 1 528 1
3 6 18 8 19 507 c. 17 ib. d. 10 9 9
4 6 :37 8 39 8 b. 2 850 a. 10 530 13
5 7 17 9 15 8 c. 9 ib. d. 10 1 12
6 7 34 9 34 ’9 a. 13 ⁷ 851 b. 1 2 14
7 8 12 220 8 9 b. ult. ib. e. 1 3 16
8 8 30 220 26 510 a. 6 852 b. 2 4 18
9 9 8 220 ult. 510 b. 12 ib. e. 3 6 1
1330 9 26 1 20 510 c. 18 853 b. 2 7 5
1 720 1 1 38 1 b. 1 ib. d. ¹7 8 7
⁴⁴

