354

Reisk. Paris. Aldin. Basileens. Franks. Taylor. vol. ἢ.

p. 327 189 40 135 31 355 c. 13 522 (1.1 584 pen.
8 190 21 6 7 6 b. 2 523 a. 2 6 5

9 190 38 6 25 6 ο. 9 ib. d. 1 7 9
330 1 20 , 6 ant. 7 a. 15 524 a. 1 8 14
1 1 37 7 16 7 1). ult. ib. d. 1 9 1111.

2 2 19 7 36 8 a. 7 525 a 2Ἰ 591 5
341 194 143 1 200 b. 4 294 1 115 1
2. 6 1 3 16 200 o. 9 ib. c. 7 6 6

3 7 13 3 35 1 a. 14 ib. ult. 7 9

4 8 16 4 12 1 Ι). ant. 295 c. 7 8 13

5 9 25 4 31 2 ι. 4 ib. peu. 9 16

6 200 14 5 4 2 b. 10 296 ο. 4 120 18

7 1 1 5 23 2 c. 13 ib. e. 12 1 pen.
8 1 29 5 41 3 a. ult. 297 0. 3 3 1

9 2 20 6 13 3 c. 4 ib. f. 1 4 3
350 ⁴3 5 6 29 4 a. 7 298 Ι). 8 5 3
1 4 13 7 1 4 b. 11 ib. e. 4 6 3

2 4 36 7 19 4 c. 15 299 a. 10 7 4

3 5 19 7 37 5 a. ant. ib. d. 7 8 -’ 5
4 6 5 8 8 5 c. 4 300 a. 7 9 6

5 6 34 8 26 6 a. 8 ib. d. 4 130 7

6 7 23 8 ant. 6 b. 14 301 a. 6 1 9

7 8 23 η 9 16 6 c. ant. ib. d. ὁ 2 10

8 9 13 9 34 7 a. 2 302 a. 5 3 11

9 9 ρει). 150 6 7 c. 5 ib. d. 2 4 13
360 210 26 150· 23 8 a. 9 ib.u1t. 5 13
1 1 20 150 41 8 b. 14 303 ο. 5 6 14

2 2 14 1 12 8 c. 19 ib. f. 2 7 15

3 3 23 1 31 9 Ι). 4 304 c. 6 8 17

4 4 1 2 4 9 o. 8 ib. f. 4 9 peu.
,5 5 7 2 22 210 a. 13 305 ο. 3 140 ult.

6 6 5 2 41 210 b. 19 ἱΙ). f. 2 2 3

7 7 2 3 13 1 a. 3 306 b· 10 3 4

8 7 30 3 32 1 b. 9 ib. e„ 8 4 5

9 8 20 4 7 1 c. 13 307 Ι). 10 5 7
370 9 9 4 25 2 a· 18 ib. e. 7 6 8
1 9 38 4 ant. 2 c. 4 308 Ι). 8 7 11

2 220 22 5 15 3 a. 8 ib. e. 5 8 12

3 1 2 5 34· 3 b. 14 309 c. 5 9 14

4 2 ult. 6 6 3 c. ant. ib. e. 2 150 15

5 3 27 6 25 4 b. 3 310 Ι). 6 1 17

6 4 5 6 ant. 4 c. 7 ib. e. 3 2 peu.

7 5 9 7 15 5 a. 13 311 b. 3 3 ult.

8 5 38 7 33 5 Ι). ant. ib. e. 1 5 2

9 6 22 8 6 6 a. 3 312 b. 1 ' 6 4
380 7 17 8 25 6 b. 8 ib. d. 8 7 5
1 8 3 8 ant. ’ 6 c- 15 313 a. 8 8 8

2 8 31 9 16 7 a. ant. ib. d. 6 9 7
3 9 17 ' 9 35 7 ο. 5 314 a. 5 160 8

4 230 17 160 7 8 a. 7 ib. d. 2 1 10

5 230 35 160 27 8 b. 14 315 a. 3 2 13

6 1 17 160 ult. 8 o. ant. ib. c. 9 3 14

7 1 39 1 19 9 b. 2 316 a. 1 N 4 14

8 3 2 1 36 9 c. 4 ib. c. 5 5 15

9 3 28 24 9 220 a. 8 ib. f. 1 6 16
390 4· 9 2 29 220 Ι). 12 317 c. 1 7 17
1 5 5 3 4 220 c. 16 ib. e. 10 8 ult.

2 5 33 3 22 1 Ι). 2 318 b. 8 170 1

3 6 12 3 40 1 c. 1 ib. d. 10 170 ult.

4 6 40 4 14 2 a. 7 319 8. 10 2 2

5 7 26 4 34 2 Ι). 11 ib. d. 8 3 3

6 8 11 5 8 2 c. 18 320 a. 10 4 . 6
7 9 7 5 27 3 b. 2 ib. d 8 5 8

 

