Οἱ
oeqmvmmaeffloevmmssmmuementem* ο-

es 02
ᾧΌΟΟἿΟἋΩἾῶΟῦῶῡ-Ᾰέἱῦ

ΟῑήιὶῢῠὶΘῦ-δῢῐῦωῆῦυυῑῲωιεῡ-ᾸΟ

Ξί

0»
gwoeqm

*usenhoven-s

358

Paris. Audin. Basileens. Franks. Taynomomii.
390 18 252 6 422 b. ult. 703 e. 8 222 3
1 16 2 25 3 a. 5 704 c. 1 3 5
2 24 2 pen. 3 b. 11 ib. e. 9 4 8
2 ult. 3 18 3 c. 18 705 b. 8 5 9
3 28 3 37 4 b. 1 ib. e. 4 6 12
4 13 4 10 4 ο. 7 706 b. 6 7 13
5 14 4 28 5 a. 11 ib.e. 2 8 15
6 10 5 1 5 b. 17 707 b. 2 9 16
6 37 5 19 5 e. ult. ib. d. 9 230 17
7 21 5 38 6 b. 6 708 a. 9 1 pen.
'Ypen- 6 11 6 ο. 11 ἰὴ. d. 5 2 uu.
8 27 6 30 7 ³. 15 709 a. 5 4 2
9 11 7 3 7 b. ult. ib. d. 2 5 5
9 32 7 21 8 a. 4 710 a. 3 6 6
400¹ 11 ⁷ 41 8 b. 9 ib. d. 2 7 10
400 29 8 13 8 c. 14 711 a. 1 8, 11
1 1 261 1 9 h. 4 725 1 257 1
2 uh. 1 11 9 h pen. 726 a. 5 257 uh.
3 28 1 30 430 b. 7 ib. d 3 9 2
4 15 2 8 430 b. 14 727 a. 6 260 6
4 34 2 26 430 c. ant. ib. d. 3 1 7
5 15 2 pen. 1 b. 2 728 a 2 2 7
5 pen. 3 16 1 o. 7 ib. c 8 3 9
6 24 3 34 2 a. 10 ib. pen. 4 10
6 ult. 4 7 2 b. 14 729 ο. 5 5 13
7 27 4 27 2 e. pen. ib. s. 2 6 16
7 38 4 pen. 3 b. 3 730 c. ε’ 7 18
8 16 5 18 3 c- 10 ib.e. 10 8 nh.
8 34 5 36 4 a. 15 731 b. 10 270 3
9 12 6 9 4 b. unt. ib. e. '7 1 5
9 32 6 26 5 a. 3 732 b 6 2 5
410 13 6 pen. 5 b. 12 ib. e. 5 3 8
410 33 7 16 5 c. ant. 733 b. 9 4 9
1 14 7 34· 6 b. 3 ib. e 8 5 13
1 33 8 8 6 o. 11 734 b 10 6 16
2 24 8 30 7 a. ann ib. e 10 7 pen.
2 34 9 1 7 o. 2 735 c 2 9 1
37 15 9 20 8 a. 9 ib. f 2 280 4
S 34 9 38 8 b. 16 736 c 1 1 6
4 10 270 10 8 c. peu. ib. e. 5 2 6
4 28 270 29 9 b. 5 737 b 9 3 8
5 5 1 2 9α 12 ibe 8 4 ss
5 13 1 20 440 a. 17 738 b 10 5 13
5 40 1 38 440 c. 1 ib.e 7 ’ 6 14
6 19 2 10 1 a. 5 739 b 7 7 17
6 36 2 28 1 b. 11 ib. e 4 8 17
7 19 3 ult. 1 e. 15 740 b 5 9 17
8 12 3 18 2 a un. Hm e. 1 290 nst.
8 38 3 36 2 o. 4 741 b 2 2 3
9 19 4 7 3 a. 10 ib. d 9 3 5
9 36 4 25 3 b. 16 742 a. 10 4 6
420 17 4 42 3 c. pen. ib. d. 8 5 8
420 35 5 14 4 b. 6 743 a 6 6 10
1 16 5 34 4 c. 9 ib.d 3 7 12
1 35 6 6 5 a. 16 744 θ 4 8 13
2 19 6 24 5 c. 1 ib.d 1 9 16
2 38 6 ann 6 a. 9 745 a 4 300pem
3 16 7 18 6 b· 16 ib.d 4 2 3
3 34 7 35 7 a. 1 746 a 5 3 6
4 15 8 9 7 b. 7 ib. d 4 4 8
4 33 8 28 7 c. 14 747 a. 4- 5 10
5 13 9 1 8 m pen. ih d. 2 6 12
5 33 9 20 8 ο. 5 7 16

 

