350

Reisk. Paris. Aldiu. Basileens. Franks.
p. 66 44 7 25 7 25 b. 4 64 b. 2
7 4 27 5 26 · 5 c. 10 ib. b. 9
8 5 5 6 2 6 a. 15 65 a. 10
9 5 22 6 21 6 b. ult. ib. d. 6
70 5 39 6 39 '7 a. 4 66 a. 7
1 6 14 7 12 7 b. 9 ib. d. 2
2 6 32 7 32 7 c. 16 67 a. 4
3 7 7 8 4 8 b. 2 ib. d. 1
4 7 24 8 24 8 c. 8 68 a. 3
7 8 5 30 4 9 c. ult. 69 5
8 9 4 30 23 30 b. 5 ib. pen.
9 9 25 30 ant. 30 c. 11 70 c. 5
80 50 1 1 16 1 a. 16 ib. f. 3
1 50 21 1 37 1 c. 1 71 c. 2
2 50 pen. 2 10 2 a. 7 ib. e. 10
3 1 16 2 29 2 b. 13 72 ο. 2
4 1 13 3 2 2 ο. pen. ib. f. 3
5 2 8 3 21 ’ 3 b. 4 73 c. 4
6 2 ,26 3 41 3 0. 8 ib. e. 10
7 3 2 4 14 4 a· 14 74 b. 9
90 4 1 6 1 5 b· ant. 76 1
1 4 22 6 16 5 ο. pen. ib. c. 7
2 5 9 6 35 6 b. 3 ib. pen.
3 5 30 7 8 6 c. 13 77 ο. 7
4 6 9 7 26 7 a. 16 ib. pen.
5 6 36 7 pen. 7 c. 1 ¹78 c. 6
6 7 18 8 17 8 a. 8 ib. autep.
7 8 7 8 36 8 b. 15 79 e. 4
8 8 31 9 8 9 a; 1 ib. f. 1 .
9 9 14 9 27 9 1). 7 80 ο. 3
100 9pen. 9 ult. ‚9 c. 15 “ ib. f. 1
1 60 24 40 19 40 a. ult. 81 c. 4-
2 1 7 40 38 40 e. 9 ib. f. 2
3 1 28 1 11 1 a. 16 82 c. 5
4 2 10 1 31 1 b. ult. ib. antep-
5 2 34 2 4 2 a. 6 83 c. 5
6 3 17 2 23 2 b. 12 ib. f. 2
7 3 pen. 2 42 2 ο. ant. 84 c 3
8 4 17 3 15 3 b. 5 ib. f 3
9 4 24 3 33 3 c. 11 85 ο. 5
110 5 1 4 9 4 a. ult. 86 1
1 5 22 4 25 4 b. 1111. ib. c. 8
2 6 9 5 1 5 a. 3 ib. f. 2
3 6 28 5 20 5 b. 6 87 b. 10
4 7 5 5 38 5 c. 12 ib. e 4
5 7 22 6 11 6 a. 17 88 b 5
6 7 39 6 30 6 b. ult ib. e 1
7 8 16 7 2 7 a. 4 89 a 9
8 8 36 7 21 7 b. 10 ib. d 8
9 9 13 7 48 7 c. > 15 90 a 8
120 9 32 8 12 8 a. ult ib. d S
1 70 9 8 31 8 c. o 91 a 4
2 70 26 9 4 9 a. 11 ib. d 1
3 70 ult. 9 22 9 b. 10 ib. ult.
4 1 17 9 41 50 a. 1 92 c 7
5 1 34 50 13 50 b. 7 ib. pen.
6 2 10 50 32 50 c. 11 93 c. 4
7 2 25 1 4 1 a. 17 ib. f. 1
8 2 ult. 1 22 1 c. 3 94 b 10
9 3 13 1 41 2 a. 8 ib. e. 7
130 3 34 2 14 2 b· 14 95 c 3
1 4 1 3 1 3 a. 4 96 1
2 5 15 3 14 3 b. 4 ih. ε 4

 

